1 1 2 75 6901 -0.417809 -8.646602 5.701754 0.013478
2 2 3 38 3720 -0.386120 -8.751016 6.123534 0.014430
3 3 4 37 3084 -0.542625 -8.716754 6.612243 0.014778
4 4 5 100 7496 -0.752667 -8.700758 7.065184 0.014625
5 5 6 186 9753 -0.999112 -8.740689 7.488478 0.021599
6 6 7 240 1381 -1.312120 -8.785185 7.891830 0.015073
7 7 8 240 6097 -1.589986 -8.828927 8.249638 0.035323
8 8 9 167 6102 -1.925330 -8.924529 8.654232 0.014739
9 9 10 167 4911 -2.250193 -9.013089 9.030283 0.027800
10 10 11 167 3603 -2.580877 -9.129186 9.365149 0.022294
11 11 12 209 5067 -2.914164 -9.236456 9.752491 0.029666
12 12 13 402 376 -3.331803 -9.224228 10.107865 0.114766
13 13 14 181 6744 -3.504854 -8.927107 10.308752 0.079495
14 14 15 181 6739 -3.691208 -8.559369 10.631132 0.042442
15 15 16 181 6912 -4.011375 -8.415155 10.981401 0.040747
16 16 17 181 7938 -4.097559 -8.240678 11.237707 0.070048
17 17 18 181 9118 -4.300133 -8.102014 11.555676 0.013415
18 18 19 181 9116 -4.589323 -8.415487 11.745605 0.019883
19 19 20 181 3697 -4.956637 -8.671219 11.790134 0.040253
20 20 21 182 2519 -5.432168 -8.844677 11.649059 0.075838
21 21 22 242 5171 -5.864682 -8.949703 11.504898 0.064341
22 22 23 242 2508 -6.188336 -8.911837 11.229857 0.042331
23 23 24 242 8741 -6.540260 -8.926819 10.878715 0.033028
24 24 25 242 8924 -6.960666 -9.159148 10.697611 0.075542
25 25 26 242 6511 -7.196882 -9.377383 10.536817 0.080185
26 26 27 347 3887 -7.583074 -9.802535 10.593626 0.280773
27 27 28 347 3888 -7.992862 -9.879399 10.330915 0.097463
28 28 29 347 9935 -8.545327 -9.986779 10.398877 0.045654
29 29 30 347 9504 -8.954420 -10.168973 10.369568 0.054825
30 30 31 347 9547 -9.351421 -10.255387 10.147336 0.091360
31 31 32 348 6280 -9.751956 -10.457829 9.773397 0.037723
32 32 33 348 7572 -10.040215 -10.482035 9.452930 0.044452
33 33 34 348 4399 -10.481088 -10.522026 9.144235 0.016105
34 34 35 348 3520 -10.871931 -10.537146 8.894993 0.047664
35 35 36 349 3457 -11.335122 -10.402615 8.624617 0.024351
36 36 37 349 2135 -11.723516 -10.260555 8.411721 0.047312
37 37 38 349 4733 -12.039206 -10.088528 8.146346 0.041585
38 38 39 349 4741 -12.296552 -9.824838 7.921183 0.083222
39 39 40 349 7005 -12.626738 -9.366978 7.727656 0.081316
40 40 41 349 8438 -13.027588 -9.074161 7.856290 0.099034
41 1 33
42 1 40
43 10 14
44 13 25
45 14 16
46 14 23
47 15 17
48 16 18
49 16 19
50 17 19
51 19 21
52 21 23
53 22 24
54 22 26
55 22 27
56 22 29
57 23 25
58 24 26
59 25 27
60 26 29
61 27 29
62 27 33
63 28 32
64 29 31
65 29 32
66 31 33
67 31 34
68 31 35
69 35 37
70 35 38
71 36 38
72 37 39
73 37 41
74 39 41
