1 1 2 3 699 -1.371925 -8.639897 4.307508 0.013698
2 2 3 1 10042 -1.239189 -8.862419 4.342059 0.010004
3 3 4 11 15600 -1.456553 -8.980533 4.697620 0.019675
4 4 5 11 6268 -1.865389 -9.069169 4.993537 0.016150
5 5 6 243 255 -2.266955 -9.190764 5.220977 0.012124
6 6 7 21 5316 -2.741880 -9.325853 5.330388 0.015794
7 7 8 243 6939 -3.243432 -9.385118 5.404253 0.015061
8 8 9 252 9724 -3.734841 -9.416010 5.471815 0.023078
9 9 10 252 3556 -4.171577 -9.455562 5.668421 0.011276
10 10 11 252 17150 -4.595362 -9.444285 5.906118 0.030273
11 11 12 252 509 -5.040995 -9.493606 6.222848 0.026423
12 12 13 319 15841 -5.453865 -9.507290 6.463449 0.032168
13 13 14 319 14983 -5.817833 -9.579784 6.787311 0.028400
14 14 15 319 13231 -6.045679 -9.689012 7.203183 0.038434
15 15 16 244 15889 -6.261344 -9.843770 7.649350 0.014039
16 16 17 244 12774 -6.447883 -9.949739 8.096977 0.024468
17 17 18 156 9947 -6.624889 -10.083854 8.545691 0.013351
18 18 19 156 6071 -6.685581 -10.096592 8.990819 0.028966
19 19 20 244 17064 -6.914795 -10.040304 9.312070 0.037248
20 20 21 161 10877 -7.352788 -9.897899 9.571089 0.019398
21 21 22 246 17021 -7.772224 -9.716440 9.781116 0.027065
22 22 23 246 12886 -8.144454 -9.562091 10.055668 0.037646
23 23 24 246 8162 -8.529305 -9.486567 10.378940 0.035472
24 24 25 250 2973 -8.837585 -9.284451 10.656025 0.037002
25 25 26 251 15773 -9.115149 -8.928288 10.934663 0.049833
26 26 27 307 3927 -9.349213 -8.565215 11.248429 0.053733
27 27 28 307 280 -9.404824 -8.134673 11.461581 0.048510
28 28 29 307 4331 -9.609149 -7.897518 11.606098 0.038051
29 29 30 307 358 -9.765431 -7.719834 11.827424 0.045828
30 30 31 307 10222 -9.681938 -7.448815 12.217163 0.033498
31 31 32 307 16290 -9.790390 -7.558219 12.691319 0.067599
32 32 33 288 10465 -10.082214 -7.692821 13.016965 0.070708
33 33 34 287 17881 -10.449971 -7.797079 13.288705 0.055639
34 34 35 287 15086 -10.886201 -7.791255 13.234352 0.036725
35 35 36 300 5823 -11.299038 -7.780434 13.171923 0.046738
36 36 37 289 14715 -11.857365 -7.763006 13.134923 0.055533
37 37 38 290 19730 -12.091286 -7.660847 12.775496 0.025792
38 38 39 290 7632 -12.324219 -7.608684 12.610850 0.029817
39 39 40 290 15182 -12.570113 -7.750573 12.904000 0.028473
40 40 41 290 18249 -12.899570 -7.945297 13.196172 0.063170
41 41 42 288 4884 -13.238295 -8.146724 13.370852 0.061328
42 42 43 292 17615 -13.569839 -8.312521 13.763021 0.091744
43 43 44 288 8625 -14.021237 -8.404417 13.941751 0.046834
44 44 45 289 6341 -14.328535 -8.423742 14.270840 0.070455
45 45 46 289 6407 -14.540271 -8.519213 14.647532 0.183713
46 46 47 289 6470 -14.330293 -8.748467 15.269045 0.182724
47 47 48 289 6465 -14.525725 -8.784912 15.614339 0.212027
48 48 49 287 8632 -12.957162 -8.708383 15.778018 1.489340
49 49 50 287 8514 -11.927074 -8.868421 16.446030 2.492308
50 50 51 241 1276 -11.812739 -5.600348 17.234875 3.891608
51 1 3
52 1 4
53 2 4
54 8 10
55 12 15
56 16 22
57 17 19
58 18 20
59 21 23
60 25 28
61 25 38
62 25 41
63 25 42
64 26 28
65 26 29
66 27 29
67 28 30
68 28 31
69 28 32
70 29 32
71 29 35
72 29 38
73 30 32
74 30 38
75 31 35
76 31 38
77 32 35
78 34 36
79 34 50
80 34 51
81 35 38
82 36 38
83 36 40
84 36 42
85 36 50
86 37 39
87 37 40
88 37 48
89 37 49
90 38 40
91 38 41
92 39 41
93 39 43
94 40 42
95 41 43
96 42 44
97 42 46
98 42 48
99 43 46
100 44 46
101 44 48
102 45 47
103 45 48
104 46 48
105 47 49
106 17 21
107 17 22
108 19 21
109 23 25
110 23 28
111 24 26
112 24 41
113 25 32
114 26 32
115 26 38
116 32 34
117 33 51
118 34 42
119 34 46
120 34 48
121 36 48
122 37 50
123 39 48
124 40 48
125 46 50
126 47 53
127 47 54
128 48 50
129 49 52
130 49 53
131 49 54
132 50 52
133 51 52
134 52 53
135 53 54
136 54 55
137 55 56
