   1 -1.500 -7.500  8.500  0.000
   2    -1.218382    -7.274853     8.144798 -0.590  0.506  1.471 63.629
   3    -1.350421    -6.988737     8.525626  0.088  0.494  0.423 80.665
   4    -1.603535    -7.020559     8.955772  1.004  0.500  0.548 23.097
   5    -1.906619    -7.048117     9.352493  2.329  0.500  1.617  4.371
   6    -2.062376    -7.092222     9.543033  3.049  0.250  2.757  7.784
   7    -2.213735    -7.144745     9.735040  3.630  0.250  3.185 12.564
   8    -2.357928    -7.179632     9.936458  4.124  0.250  3.408 15.803
   9    -2.493445    -7.215437    10.143409  4.658  0.250  3.585 26.353
  10    -2.619847    -7.273517    10.350713  5.415  0.250  3.568 29.342
  11    -2.739706    -7.341645    10.559854  6.374  0.250  3.378 27.644
  12    -2.853842    -7.403307    10.774037  7.335  0.250  3.115 20.401
  13    -2.953015    -7.458552    10.996698  8.183  0.250  2.783 35.900
  14    -3.072970    -7.570981    11.468896  9.502  0.500  2.489 47.194
  15    -3.105909    -7.731250    11.941368 10.347  0.500  1.765 39.565
  16    -3.157795    -7.962986    12.381371 10.921  0.500  1.335 41.683
  17    -3.214187    -8.179491    12.828527 11.298  0.500  1.131 42.161
  18    -3.267002    -8.203746    13.325126 11.606  0.500  0.789 39.224
  19    -3.215656    -8.018066    13.786519 11.930  0.500  0.804 42.888
  20    -3.133111    -7.835768    14.244733 12.251  0.500  0.943 52.088
  21    -3.004699    -7.688503    14.704975 13.010  0.500  1.062 42.830
  22    -2.891804    -7.604381    15.184744 14.197  0.500  1.494 52.882
  23    -2.706326    -7.575164    15.648149 14.908  0.500  1.486 72.928
  24    -2.454789    -7.594104    16.079845 14.626  0.500  0.579 73.607
  25    -2.104872    -7.682913    16.426336 14.200  0.500  0.524 92.579
  26    -1.680400    -7.464403    16.582389 13.444  0.502  0.836 99.490
  27    -1.586117    -7.755096    16.973857 13.893  0.497  0.551 156.735
  28    -1.834178    -7.939350    17.366940 14.386  0.500  0.556 70.767
  29    -2.146549    -8.261633    17.587336 14.394  0.500  0.255 91.083
  30    -2.429303    -8.440186    17.959052 14.224  0.500  0.136 68.215
  31    -2.864446    -8.409401    18.203664 14.139  0.500  0.194 57.279
  32    -2.678922    -8.215597    18.625379 14.123  0.500  0.031 48.106
  33    -2.373956    -8.091466    19.001650 14.158  0.500  0.109 63.686
  34    -2.048940    -7.889108    19.323261 14.245  0.500  0.115 76.552
  35    -1.630248    -7.690197    19.510659 14.319  0.500  0.090 51.126
  36    -1.162275    -7.800648    19.647842 14.388  0.500  0.020 130.912
  37    -0.687290    -7.921451    19.746818 14.266  0.500  0.060 104.280
  38    -0.206898    -8.043000    19.680143 13.965  0.500  0.465 113.142
  39     0.281009    -8.119120    19.601712 13.319  0.500  1.111 94.953
  40     0.724525    -8.214450    19.390704 11.712  0.500  1.368 81.836
  41     1.177304    -8.040650    19.510034 11.050  0.499  1.017 111.588
  42     1.468079    -7.704246    19.738385 11.494  0.500  0.021 30.509
  43     1.771470    -7.310908    19.796371 11.360  0.500  0.279 58.150
  44     2.036159    -6.887839    19.824750 11.415  0.500  0.167 43.914
  45     2.087770    -6.391602    19.859319 11.719  0.500  0.289 110.770
  46     2.208171    -5.907576    19.893981 11.454  0.500  0.065 90.777
  47     2.399678    -5.484149    20.078260 11.749  0.500  0.140 106.671
  48     2.379786    -5.133414    20.434320 12.240  0.500  1.252 78.832
  49     2.067610    -4.930071    20.766174 12.542  0.499  0.603 148.584
  50     1.570983    -4.991994    20.781487 13.438  0.501  0.894 24.601
  51     1.079743    -4.958955    20.868753 13.909  0.500  0.819 44.183
  52     0.590645    -4.933378    20.968923 14.109  0.500  0.424 50.318
  53     0.171446    -4.918092    21.241200 14.300  0.500  0.400 67.312
  54    -0.217955    -4.832980    21.543004 14.560  0.500  0.357 24.938
  55    -0.567326    -4.767453    21.894651 14.890  0.500  0.394 21.138
  56    -0.941967    -4.580384    22.167916 15.383  0.500  0.664 27.773
  57    -1.275524    -4.243237    22.325993 15.803  0.500  1.215 47.721
  58    -1.459703    -3.802478    22.474331 15.634  0.500  0.620 60.716
  59    -1.665755    -3.387480    22.661160 19.201  0.500  0.007 141.835
  60    -2.023786    -3.359961    23.009665 19.201  0.500  0.000 90.000
  61    -2.320289    -3.489307    23.390700 19.201  0.500  0.000 90.000
  62    -2.518593    -3.488039    23.849758 19.201  0.500  0.000 90.000
  63    -2.601563    -3.387022    24.332361 19.201  0.500  0.000 90.000
  64    -2.643959    -3.292382    24.821482 19.201  0.500  0.000 90.000
  65    -2.666712    -3.152040    25.300851 19.201  0.500  0.000 90.000
  66    -2.697951    -3.022968    25.782891 19.201  0.500  0.000 90.000
  67    -2.732480    -2.907090    26.268050 19.201  0.500  0.000 90.000
  68    -2.764947    -2.772013    26.748362 19.201  0.500  0.000 90.000
  69    -2.800128    -2.655882    27.233415 19.201  0.500  0.000 90.000
  70    -2.832045    -2.524570    27.714808 19.201  0.500  0.000 90.000
  71    -2.866771    -2.403544    28.198695 19.201  0.500  0.000 90.000
  72    -2.899363    -2.276322    28.681140 19.201  0.500  0.000 90.000
  73    -2.933481    -2.152447    29.164349 19.201  0.500  0.000 90.000
  74    -2.966630    -2.026755    29.647156 19.201  0.500  0.000 90.000
  75    -3.000797    -1.901709    30.130060 19.201  0.500  0.000 90.000
  76    -3.034954    -1.776653    30.612961 19.201  0.500  0.000 90.000
