   1 -0.500 -8.500  5.500 -0.000
   2    -0.350460    -8.774822     5.890529 -0.494  0.500  0.322 74.953
   3    -0.436151    -8.731947     6.381113 -0.124  0.500  0.219 149.126
   4    -0.620011    -8.696412     6.844292  0.506  0.500  0.717  9.969
   5    -0.858842    -8.692930     7.283615  1.322  0.500  1.332  9.429
   6    -1.150333    -8.747264     7.686276  2.665  0.500  1.889  6.756
   7    -1.456050    -8.810124     8.076858  4.322  0.500  2.536  2.088
   8    -1.764836    -8.889663     8.461896  5.482  0.500  3.009  3.681
   9    -2.102036    -8.944357     8.827077  6.315  0.500  2.763  2.718
  10    -2.426035    -9.067692     9.187388  7.964  0.500  2.492 11.883
  11    -2.735122    -9.235263     9.542673  9.669  0.500  2.525  6.134
  12    -3.072777    -9.259490     9.911066 10.580  0.500  2.214 23.334
  13    -3.389277    -9.089339    10.258446 11.091  0.500  1.460 24.120
  14    -3.634639    -8.736355    10.514823 11.587  0.501  0.878 27.829
  15    -3.807049    -8.365743    10.805880 10.894  0.502  0.275 48.195
  16    -4.140789    -8.439457    11.176892 10.756  0.504  0.672 155.434
  17    -4.151611    -7.988495    11.384027  9.125  0.496  0.875 166.992
  18    -4.422808    -8.218950    11.733657 10.054  0.499  0.223 95.213
  19    -4.768505    -8.576898    11.771229 11.013  0.499  0.745 21.276
  20    -5.213771    -8.791766    11.841170 11.719  0.499  0.509 21.824
  21    -5.645938    -8.891377    11.608426 11.809  0.501  0.625 18.095
  22    -6.115434    -8.887863    11.434452 11.230  0.501  0.168  9.925
  23    -6.319807    -8.896376    10.978548  9.904  0.500  0.386 178.443
  24    -6.792738    -8.960101    10.836586 10.011  0.498  0.095 147.428
  25    -7.013275    -9.270452    10.515866 11.981  0.498  1.186  8.627
  26    -7.502489    -9.391110    10.511428 13.081  0.504  1.537 28.155
  27    -7.841536    -9.747698    10.418347 13.254  0.501  0.983 19.544
  28    -8.285748    -9.972260    10.371735 12.311  0.500  0.308 149.714
  29    -8.772310   -10.083327    10.402653 11.979  0.500  0.238 177.396
  30    -9.241039   -10.231569    10.312614 12.846  0.500  0.430 25.575
  31    -9.600181   -10.396089    10.006069 14.227  0.500  1.063 28.089
  32    -9.880836   -10.480609     9.601141 15.115  0.500  1.415  5.538
  33   -10.260983   -10.543737     9.282320 15.413  0.500  0.805 17.000
  34   -10.681655   -10.525069     9.012712 15.532  0.500  0.442 13.774
  35   -11.103886   -10.467552     8.751191 15.683  0.500  0.334  4.167
  36   -11.536312   -10.368871     8.520314 15.797  0.500  0.221  6.554
  37   -11.975073   -10.211809     8.338680 15.769  0.500  0.015 50.541
  38   -12.186366    -9.969845     7.955615 15.711  0.500  0.221 168.957
  39   -12.504095    -9.638630     7.758191 15.325  0.500  0.418 153.887
  40   -12.806857    -9.246883     7.683870 13.930  0.501  0.632 158.115
  41   -13.142472    -8.922829     7.862669 13.131  0.500  0.749 157.965
