   1 -1.500 -8.500  4.500  0.000
   2    -1.223317    -8.774723     4.132429 -0.038  0.536  0.000 90.000
   3    -1.270265    -8.962005     4.556957 -0.058  0.466  0.592 95.869
   4    -1.673358    -8.977472     4.850572  0.167  0.499  0.446 20.285
   5    -2.032609    -9.147365     5.152168  0.884  0.499  1.002 12.434
   6    -2.507454    -9.256116     5.281525  1.720  0.504  1.357 17.760
   7    -2.984602    -9.368139     5.366010  2.751  0.497  1.573  9.295
   8    -3.481745    -9.405318     5.420679  3.689  0.502  1.947  3.424
   9    -3.962020    -9.454004     5.549658  4.009  0.500  1.184 14.423
  10    -4.402630    -9.450340     5.786395  4.002  0.500  0.371 11.170
  11    -4.818430    -9.475257     6.062916  4.087  0.500  0.354  4.982
  12    -5.233278    -9.512717     6.339478  4.211  0.500  0.226  3.196
  13    -5.654475    -9.560513     6.604742  4.328  0.500  0.092  6.454
  14    -5.985620    -9.655588     6.966606  4.496  0.500  0.218 24.430
  15    -6.159454    -9.773940     7.420508  4.639  0.500  0.279  9.623
  16    -6.343391    -9.895883     7.869211  4.585  0.500  0.062  1.380
  17    -6.506602   -10.020904     8.324725  4.428  0.500  0.160 170.446
  18    -6.718866   -10.154295     8.758538  4.286  0.501  0.275 150.025
  19    -6.706397   -10.038936     9.243816  4.294  0.499  0.138 149.142
  20    -7.173026   -10.010284     9.425942  4.580  0.502  0.039 32.658
  21    -7.546934    -9.807796     9.687921  5.087  0.499  0.482 11.472
  22    -7.982729    -9.673597     9.893233  5.372  0.500  0.649  7.161
  23    -8.330749    -9.521732    10.219871  5.464  0.501  0.562  7.941
  24    -8.705800    -9.386321    10.520386  5.687  0.499  0.578  7.306
  25    -9.000997    -9.130630    10.833822  6.096  0.501  0.613 15.308
  26    -9.283905    -8.798190    11.077129  6.473  0.500  0.590 13.104
  27    -9.406301    -8.379245    11.323438  6.536  0.501  0.479 39.937
  28    -9.357843    -7.971890    11.625277  6.564  0.509  0.094 41.162
  29    -9.839094    -7.832677    11.659338  6.459  0.502  0.325 178.164
  30    -9.633698    -7.536186    11.991601  6.380  0.490  0.172 120.405
  31    -9.668108    -7.378858    12.460960  6.353  0.496  0.243 64.090
  32    -9.878189    -7.640160    12.834506  6.799  0.502  0.219 15.581
  33   -10.151462    -7.774157    13.231224  6.774  0.500  0.190 32.880
  34   -10.638344    -7.822638    13.330511  6.735  0.499  0.030 137.520
  35   -11.093009    -7.819674    13.126634  6.932  0.498  0.142 13.228
  36   -11.586816    -7.786260    13.212313  7.002  0.502  0.238 19.619
  37   -12.040440    -7.681519    13.021577  6.870  0.503  0.113 72.953
  38   -12.112853    -7.680674    12.516628  6.714  0.510  0.223 158.904
  39   -12.552332    -7.592283    12.691453  6.589  0.481  0.326 76.309
  40   -12.620925    -7.866749    13.097095  6.960  0.495  0.374 31.123
  41   -13.065947    -8.058315    13.248670  7.284  0.508  0.515 17.456
  42   -13.351662    -8.291860    13.584402  7.381  0.499  0.437  9.631
  43   -13.819638    -8.332454    13.760897  7.479  0.502  0.257 17.248
  44   -14.174248    -8.397765    14.107360  7.501  0.500  0.057 31.821
  45   -14.402790    -8.491906    14.542351  7.198  0.500  0.099 148.838
  46   -14.461525    -8.761445    14.957788  6.330  0.499  0.057 160.625
  47   -14.519103    -8.656041    15.422782  6.537  0.480  0.262 54.536
  48   -14.380022    -8.524366    15.876417  9.337  0.492  2.545 19.216
  49   -14.400727    -8.494893    16.385404 12.288  0.510  4.878 13.961
  50   -14.366196    -8.487254    16.882788 13.277  0.499  3.288  5.643
  51   -14.466556    -8.494183    17.372989 12.893  0.500  0.611 23.553
  52   -14.749657    -8.501821    17.785064 12.584  0.500  0.000 90.000
  53   -15.113025    -8.500706    18.128515 12.612  0.500  0.000 90.000
  54   -15.475881    -8.499886    18.472515 12.749  0.500  0.000 90.000
  55   -15.828690    -8.499885    18.826811 12.789  0.500  0.000 90.000
  56   -16.181044    -8.500030    19.181560 12.766  0.500  0.000 90.000
  57   -16.534808    -8.500008    19.534902 12.757  0.500  0.000 90.000
  58   -16.888422    -8.499996    19.888395 12.759  0.500  0.000 90.000
  59   -17.241966    -8.500000    20.241958 12.758  0.500  0.000 90.000
  60   -17.595517    -8.500000    20.595513 12.758  0.500  0.000 90.000
  61   -17.949066    -8.500000    20.949072 12.759  0.500  0.000 90.000
  62   -18.302623    -8.500000    21.302621 12.759  0.500  0.000 90.000
  63   -18.656176    -8.500000    21.656175 12.757  0.500  0.000 90.000
  64   -19.009729    -8.500000    22.009729 12.757  0.500  0.000 90.000
  65   -19.363282    -8.500000    22.363282 12.757  0.500  0.000 90.000
  66   -19.716836    -8.500000    22.716836 12.757  0.500  0.000 90.000
  67   -20.070389    -8.500000    23.070389 12.757  0.500  0.000 90.000
  68   -20.423942    -8.500000    23.423943 12.757  0.500  0.000 90.000
  69   -20.777496    -8.500000    23.777496 12.757  0.500  0.000 90.000
  70   -21.131049    -8.500000    24.131049 12.757  0.500  0.000 90.000
  71   -21.484603    -8.500000    24.484602 12.757  0.500  0.000 90.000
