1 1 2 2 2088 -1.344332 -7.401115 8.330865 0.021905
2 2 3 2 2925 -1.273080 -7.125371 8.331633 0.013500
3 3 4 10 6600 -1.484085 -7.000492 8.730069 0.013445
4 4 5 23 4303 -1.756205 -7.047379 9.149539 0.013873
5 5 6 24 9052 -1.976122 -7.069299 9.437444 0.013319
6 6 7 25 7599 -2.142536 -7.092575 9.638625 0.026296
7 7 8 23 1067 -2.278885 -7.158675 9.830219 0.009548
8 8 9 29 6869 -2.430369 -7.196393 10.043354 0.005910
9 9 10 26 7371 -2.551367 -7.220785 10.255940 0.025846
10 10 11 21 1638 -2.670335 -7.313426 10.444742 0.015311
11 11 12 27 6117 -2.774845 -7.388208 10.688810 0.034734
12 12 13 30 190 -2.884550 -7.431918 10.899128 0.023382
13 13 14 30 5766 -3.025101 -7.510408 11.256534 0.027001
14 14 15 31 1016 -3.101121 -7.634508 11.696774 0.021957
15 15 16 28 4127 -3.136397 -7.831608 12.165203 0.016610
16 16 17 34 5814 -3.181416 -8.069051 12.615268 0.011498
17 17 18 34 1631 -3.233988 -8.199201 13.084798 0.012833
18 18 19 41 8623 -3.253190 -8.094210 13.555424 0.020484
19 19 20 56 8883 -3.175388 -7.917245 14.036872 0.023366
20 20 21 48 4322 -3.068117 -7.775123 14.469415 0.014102
21 21 22 58 8463 -2.957854 -7.651134 14.952513 0.013145
22 22 23 48 2290 -2.745322 -7.672018 15.410531 0.098426
23 23 24 79 5249 -2.691127 -7.612052 15.991556 0.171023
24 24 25 79 2816 -2.247759 -7.633159 16.259102 0.033066
25 25 26 79 5370 -1.867074 -7.591481 16.519650 0.034710
26 26 27 79 5620 -1.607263 -7.604977 16.772594 0.027002
27 27 28 79 3587 -1.724745 -7.840498 17.159826 0.019238
28 28 29 80 2500 -2.041487 -8.098145 17.471560 0.051480
29 29 30 80 2878 -2.277568 -8.355702 17.755598 0.020973
30 30 31 80 5296 -2.649326 -8.436160 18.100557 0.022446
31 31 32 71 6615 -2.778131 -8.300229 18.409079 0.014891
32 32 33 130 2491 -2.509963 -8.154437 18.817732 0.017031
33 33 34 76 1367 -2.185474 -8.006085 19.168970 0.031092
34 34 35 106 9412 -1.852805 -7.823938 19.391659 0.044612
35 35 36 77 9908 -1.424583 -7.761904 19.584307 0.033156
36 36 37 152 9096 -0.940573 -7.869462 19.726334 0.034078
37 37 38 152 9325 -0.502609 -8.043175 19.746906 0.088961
38 38 39 150 5432 -0.016568 -8.110082 19.584684 0.082952
39 39 40 149 5059 0.440879 -8.184067 19.573975 0.100878
40 40 41 166 9717 0.959279 -8.137593 19.419325 0.033683
41 41 42 166 8146 1.318284 -7.808685 19.623537 0.063919
42 42 43 166 8836 1.635224 -7.487359 19.760019 0.026488
43 43 44 166 8783 1.884154 -7.088268 19.816208 0.023275
44 44 45 166 7299 1.990584 -6.617138 19.899364 0.094297
45 45 46 172 8322 2.164942 -6.119271 19.961226 0.091434
46 46 47 172 8325 2.469666 -5.758812 20.076113 0.198825
47 47 48 172 8324 2.388905 -5.376944 20.217632 0.078366
48 48 49 171 6126 2.265434 -5.025565 20.652790 0.067386
49 49 50 171 1479 1.718301 -4.953200 20.733803 0.108920
50 50 51 171 3953 1.304437 -4.998528 20.851408 0.040748
51 51 52 171 4802 0.812394 -4.971662 20.908781 0.035651
52 52 53 157 342 0.402790 -4.897545 21.122744 0.039751
53 53 54 171 860 0.008242 -4.789166 21.399845 0.092259
54 54 55 156 1502 -0.392241 -4.822309 21.733141 0.026327
55 55 56 155 777 -0.793559 -4.568406 22.034164 0.112496
56 56 57 155 3581 -1.045369 -4.437507 22.214388 0.075746
57 57 58 155 8977 -1.212306 -4.093964 22.418716 0.171816
58 1 3
59 1 4
60 1 5
61 17 19
62 19 31
63 20 22
64 20 31
65 21 25
66 22 31
67 23 25
68 23 30
69 23 31
70 24 29
71 24 31
72 25 27
73 25 28
74 25 29
75 27 36
76 27 38
77 27 39
78 27 40
79 28 32
80 28 33
81 28 34
82 28 35
83 28 36
84 28 38
85 29 31
86 29 32
87 29 33
88 30 32
89 30 33
90 30 38
91 30 40
92 31 33
93 33 37
94 34 36
95 34 37
96 34 57
97 34 62
98 34 63
99 35 54
100 35 55
101 35 56
102 35 57
103 36 53
104 36 54
105 36 55
106 36 56
107 37 53
108 37 54
109 37 55
110 38 42
111 38 54
112 39 41
113 39 42
114 42 53
115 43 45
116 43 50
117 43 53
118 45 50
119 45 51
120 46 48
121 46 50
122 46 51
123 47 50
124 48 50
125 49 51
126 49 55
127 50 53
128 50 55
129 51 53
130 51 59
131 53 55
132 57 61
133 58 59
134 58 60
135 59 60
136 60 61
137 61 62
138 62 63
139 63 64
140 16 19
141 18 31
142 22 30
143 23 29
144 26 28
145 27 29
146 28 31
147 29 36
148 29 38
149 29 40
150 30 37
151 30 39
152 31 38
153 31 62
154 32 61
155 33 36
156 33 38
157 33 62
158 34 61
159 35 53
160 36 38
161 36 63
162 37 52
163 38 52
164 38 53
165 41 43
166 42 52
167 42 55
168 43 49
169 43 51
170 43 52
171 43 55
172 44 49
173 45 49
174 49 59
175 51 54
176 52 59
177 54 58
178 54 59
179 55 58
180 56 58
181 56 62
182 56 65
183 57 62
184 59 65
185 60 62
186 60 63
187 64 65
188 65 66
189 66 67
190 67 68
191 68 69
